[0.9948331117630005, 0.00589885376393795, 0.9937949180603027, 0.9694886207580566, 0.020561721175909042, 0.01612134836614132, 0.002571716671809554, 0.0059542604722082615]
[0.995572566986084, 0.00486268475651741, 0.996584415435791, 0.9856992363929749, 0.012279334478080273, 0.011133666150271893, 0.0020148619078099728, 0.007780765183269978]
[0.9943318367004395, 0.006565278396010399, 0.9929099678993225, 0.9697550535202026, 0.017028994858264923, 0.013461921364068985, 0.002492765663191676, 0.005920395255088806]
[0.9937512278556824, 0.00719568133354187, 0.9932985901832581, 0.9737811088562012, 0.012741751037538052, 0.010555841960012913, 0.0016609849408268929, 0.007266298867762089]
[0.005593183450400829, 0.995768666267395, 0.0023672666866332293, 0.0034071330446749926, 0.0009824683656916022, 0.0006889510550536215, 0.0005146104376763105, 0.0040336959064006805]
[0.005325719714164734, 0.9958985447883606, 0.0023596608079969883, 0.0033746103290468454, 0.0009242283995263278, 0.0006408203626051545, 0.0004992991453036666, 0.003965029958635569]
[0.007851003669202328, 0.994126558303833, 0.0030008372850716114, 0.005629597697407007, 0.001294114743359387, 0.0009303728584200144, 0.0006334736826829612, 0.007516248617321253]
[0.00791069958359003, 0.9940581321716309, 0.002989006694406271, 0.005557095631957054, 0.0013255992671474814, 0.0009522371692582965, 0.0006532294792123139, 0.007691089995205402]
[0.9993358254432678, 0.0007659226539544761, 0.9877551198005676, 0.016901643946766853, 0.9879021644592285, 0.9915198683738708, 0.022379053756594658, 0.008764822036027908]
[0.9993300437927246, 0.0007798370788805187, 0.9877102375030518, 0.016725173220038414, 0.9879527688026428, 0.9915617108345032, 0.022516438737511635, 0.008792580105364323]
[0.9993440508842468, 0.0007564227562397718, 0.9878130555152893, 0.016900258138775826, 0.987919807434082, 0.9915425777435303, 0.022258616983890533, 0.008752732537686825]
[0.9993446469306946, 0.0007560836966149509, 0.9880004525184631, 0.0173091609030962, 0.9877852201461792, 0.9914434552192688, 0.0224316343665123, 0.008747951127588749]
[0.9993258714675903, 0.0007812976255081594, 0.9874250292778015, 0.01655137538909912, 0.988086462020874, 0.9916292428970337, 0.022816011682152748, 0.00875584501773119]
[0.9993137121200562, 0.0008049629395827651, 0.9874223470687866, 0.016635622829198837, 0.9879927635192871, 0.9915551543235779, 0.023022983223199844, 0.008743355050683022]
[0.999326229095459, 0.000781332200858742, 0.9874916076660156, 0.016619965434074402, 0.9879710078239441, 0.9915511608123779, 0.022663014009594917, 0.00872381217777729]
[0.9993403553962708, 0.0007592124748043716, 0.9878405928611755, 0.017095467075705528, 0.9877244234085083, 0.9914113283157349, 0.022209417074918747, 0.008793510496616364]
[0.9992426633834839, 0.0008798283524811268, 0.9847111105918884, 0.01603478193283081, 0.9822240471839905, 0.9869235157966614, 0.010728586465120316, 0.012150603346526623]
[0.9992719292640686, 0.0008290020632557571, 0.9856685400009155, 0.01667756959795952, 0.9807572364807129, 0.9859755635261536, 0.008662736974656582, 0.012622375972568989]
[0.9993199110031128, 0.0007791752577759326, 0.9862992167472839, 0.01637446880340576, 0.9823099970817566, 0.987187385559082, 0.00940795335918665, 0.012540851719677448]
[0.9992671608924866, 0.0008463115664198995, 0.985405683517456, 0.01643015816807747, 0.9819870591163635, 0.9869166612625122, 0.010415296070277691, 0.012286324054002762]
[0.9991187453269958, 0.0010564543772488832, 0.9830069541931152, 0.015935078263282776, 0.9825542569160461, 0.9868881106376648, 0.012148612178862095, 0.012447912245988846]
[0.9993014335632324, 0.0007925742538645864, 0.9867386817932129, 0.017746903002262115, 0.9802441596984863, 0.9858986139297485, 0.008889506570994854, 0.012639490887522697]
[0.9993313550949097, 0.0007561193779110909, 0.9856104254722595, 0.01591656729578972, 0.9831867218017578, 0.9877118468284607, 0.009791107848286629, 0.012689879164099693]
[0.999182403087616, 0.0009581088088452816, 0.984379231929779, 0.016101665794849396, 0.9807823896408081, 0.9859424233436584, 0.009300878271460533, 0.012466554529964924]
[0.9994425177574158, 0.0006563158822245896, 0.989010751247406, 0.016557859256863594, 0.9909608960151672, 0.9936081171035767, 0.026902029290795326, 0.00861353613436222]
[0.9994795918464661, 0.000598462822381407, 0.9896654486656189, 0.017178544774651527, 0.9904604554176331, 0.9933504462242126, 0.024810079485177994, 0.00873775314539671]
[0.9994390606880188, 0.0006548058008775115, 0.9889034628868103, 0.01640167087316513, 0.9908177852630615, 0.9935344457626343, 0.02611166425049305, 0.008648294024169445]
[0.9994687438011169, 0.0006139427423477173, 0.9894024133682251, 0.016840357333421707, 0.9905468225479126, 0.9934059381484985, 0.0250387005507946, 0.008696458302438259]
[0.9967897534370422, 0.002988019259646535, 0.5550481081008911, 0.0030982736498117447, 0.9876534342765808, 0.990447998046875, 0.029247049242258072, 0.012208351865410805]
[0.9983773231506348, 0.0018817372620105743, 0.8273446559906006, 0.0067025041207671165, 0.9923692941665649, 0.9937857389450073, 0.06477629393339157, 0.014292282052338123]
[0.998028576374054, 0.002249509561806917, 0.7640873789787292, 0.005720021668821573, 0.9915669560432434, 0.993069589138031, 0.059253230690956116, 0.014706776477396488]
[0.9988130331039429, 0.0011805957183241844, 0.9057143926620483, 0.006964659783989191, 0.9872490763664246, 0.9904266595840454, 0.024685092270374298, 0.010224991478025913]
[0.9980314373970032, 0.0016884763026610017, 0.020849445834755898, 0.0009818746475502849, 0.9998134970664978, 0.9997698664665222, 0.9989540576934814, 0.013029256835579872]
[0.9978793859481812, 0.0017642539460211992, 0.018210604786872864, 0.0008588535129092634, 0.9997777342796326, 0.9997262358665466, 0.9986028075218201, 0.010940000414848328]
[0.9972055554389954, 0.0023588594049215317, 0.013078617863357067, 0.0005883061676286161, 0.9996280670166016, 0.9995840191841125, 0.9950985312461853, 0.01063456479460001]
[0.9971388578414917, 0.0024152144324034452, 0.012942645698785782, 0.0005845538107678294, 0.9996137022972107, 0.9995693564414978, 0.994891881942749, 0.010474545881152153]
[0.9943324327468872, 0.004704032558947802, 0.019812796264886856, 0.0017959789838641882, 0.9985193610191345, 0.9983091354370117, 0.9897322058677673, 0.03193752467632294]
[0.9937054514884949, 0.005122183356434107, 0.016769789159297943, 0.0015364702558144927, 0.9982604384422302, 0.9980273842811584, 0.9860878586769104, 0.026339970529079437]
[0.9938117265701294, 0.0049680969677865505, 0.016558999195694923, 0.0012265430996194482, 0.9987297654151917, 0.9986602067947388, 0.9896861910820007, 0.014177203178405762]
[0.993926465511322, 0.004874018020927906, 0.016733966767787933, 0.0012368037132546306, 0.9987622499465942, 0.9986938834190369, 0.9898953437805176, 0.014334901235997677]
[0.9986901879310608, 0.0010607728036120534, 0.026407204568386078, 0.000981603399850428, 0.9998764991760254, 0.9998291730880737, 0.9993769526481628, 0.00893429759889841]
[0.9985190033912659, 0.0012379521504044533, 0.024194536730647087, 0.0008786136168055236, 0.9998435974121094, 0.9997852444648743, 0.9990966320037842, 0.009599731303751469]
[0.932494044303894, 0.06215725466609001, 0.011066888459026814, 0.0004138649092055857, 0.9516541957855225, 0.9550095200538635, 0.031234905123710632, 0.004030371550470591]
[0.9661667943000793, 0.03307855874300003, 0.007158778142184019, 0.00022889177489560097, 0.9753813147544861, 0.9770486950874329, 0.031495120376348495, 0.014943449757993221]
[0.9828404188156128, 0.016935715451836586, 0.01485541183501482, 0.0005030111060477793, 0.9848260879516602, 0.9872738122940063, 0.04613012447953224, 0.008501924574375153]
[0.9901368618011475, 0.009535716846585274, 0.02739713340997696, 0.0007958398782648146, 0.9903214573860168, 0.9920124411582947, 0.10667639225721359, 0.013458402827382088]
[0.998646080493927, 0.0009054400725290179, 0.01712181605398655, 0.0010016378946602345, 0.9997509121894836, 0.9996873140335083, 0.9988662004470825, 0.008819729089736938]
[0.9983124732971191, 0.0012107988586649299, 0.016799062490463257, 0.001026748912408948, 0.9995967745780945, 0.9995224475860596, 0.9975866079330444, 0.011435365304350853]
[0.9982093572616577, 0.0012745932908728719, 0.017131753265857697, 0.001203784137032926, 0.9995419979095459, 0.999473512172699, 0.9972370862960815, 0.012391864322125912]
[0.9986410737037659, 0.0009381758864037693, 0.01627991907298565, 0.0009568420937284827, 0.9997172951698303, 0.999656081199646, 0.9985359907150269, 0.009203550405800343]
[0.9983626008033752, 0.0012010135687887669, 0.024993160739541054, 0.0012772602494806051, 0.9996631145477295, 0.9995715022087097, 0.9983470439910889, 0.011608714237809181]
[0.9983392953872681, 0.0012107216753065586, 0.027881499379873276, 0.0014993080403655767, 0.9995365142822266, 0.9994342923164368, 0.9969677329063416, 0.013292636722326279]
[0.9983099699020386, 0.0012348113814368844, 0.027894798666238785, 0.001689738710410893, 0.9996153116226196, 0.9995168447494507, 0.9983054399490356, 0.015532780438661575]
[0.9984791874885559, 0.001153313904069364, 0.02641197293996811, 0.0011823237873613834, 0.9996962547302246, 0.9996316432952881, 0.9984298348426819, 0.011983559466898441]
[0.9994198083877563, 0.0006755286012776196, 0.9901622533798218, 0.019348405301570892, 0.990967333316803, 0.9936596751213074, 0.02970854751765728, 0.00988580472767353]
[0.9994075298309326, 0.0006858180859126151, 0.9892016649246216, 0.01793765276670456, 0.9915071725845337, 0.9939022064208984, 0.030768010765314102, 0.009679463692009449]
[0.999444305896759, 0.0006462559686042368, 0.9893165826797485, 0.018142588436603546, 0.9913302659988403, 0.9938710927963257, 0.029629619792103767, 0.010061816312372684]
[0.9994072914123535, 0.0006886015180498362, 0.9898244738578796, 0.018986187875270844, 0.9910933375358582, 0.9937121868133545, 0.03010590746998787, 0.009730083867907524]
[0.9994440674781799, 0.0006460887379944324, 0.9893158674240112, 0.018142320215702057, 0.9913139939308167, 0.9938613176345825, 0.029553288593888283, 0.01006750762462616]
[0.9994063377380371, 0.0006872758385725319, 0.9891582727432251, 0.017913518473505974, 0.9915133118629456, 0.9939034581184387, 0.030807053670287132, 0.009679737500846386]
[0.9984971284866333, 0.0018702381057664752, 0.9732407331466675, 0.013244055211544037, 0.9638003706932068, 0.9746028184890747, 0.008143297396600246, 0.027710337191820145]
[0.9984450936317444, 0.0019089799607172608, 0.9724892973899841, 0.012890307232737541, 0.9657965898513794, 0.9754491448402405, 0.008678381331264973, 0.026974666863679886]
[0.9984775185585022, 0.0019223070703446865, 0.9741981625556946, 0.013302021659910679, 0.9640494585037231, 0.9743479490280151, 0.008200807496905327, 0.026066120713949203]
[0.998274564743042, 0.0021748575381934643, 0.9697520136833191, 0.012980206869542599, 0.9655091166496277, 0.9749857783317566, 0.010212398134171963, 0.02671709842979908]
[0.9984890222549438, 0.0019294599769636989, 0.9755260348320007, 0.013628967106342316, 0.9647214412689209, 0.9751101136207581, 0.00840961653739214, 0.026206159964203835]
[0.9982290863990784, 0.002196089830249548, 0.9678350687026978, 0.012280665338039398, 0.9653686881065369, 0.974920392036438, 0.009216935373842716, 0.027021609246730804]
[0.9952491521835327, 0.004538907669484615, 0.135341078042984, 0.0014653241960331798, 0.997248113155365, 0.9974238872528076, 0.30675891041755676, 0.030921079218387604]
[0.9936235547065735, 0.006670432165265083, 0.039973706007003784, 0.0010668010218068957, 0.9963743090629578, 0.9966442584991455, 0.29230552911758423, 0.02853015810251236]
[0.9909226298332214, 0.009338471107184887, 0.02157573215663433, 0.00067050417419523, 0.9943470358848572, 0.9947288632392883, 0.18409870564937592, 0.013908617198467255]
[0.9989294409751892, 0.0012172874994575977, 0.8828859925270081, 0.005396286491304636, 0.9963552951812744, 0.9969099164009094, 0.126925528049469, 0.014249453321099281]
[0.991606593132019, 0.008085235953330994, 0.025651684030890465, 0.000895102450158447, 0.9937195777893066, 0.9945918917655945, 0.19253230094909668, 0.022940857335925102]
[0.9977980852127075, 0.002111610025167465, 0.2727716863155365, 0.0017193116946145892, 0.9961048364639282, 0.9968936443328857, 0.170868381857872, 0.019124185666441917]
[0.99699866771698, 0.0029109518509358168, 0.1792643666267395, 0.001983611611649394, 0.9932385683059692, 0.9941704869270325, 0.13635991513729095, 0.021923838183283806]
[0.9931569695472717, 0.007720447611063719, 0.032444074749946594, 0.0013139541260898113, 0.9960982799530029, 0.9959004521369934, 0.43293172121047974, 0.027693795040249825]
[0.9959301352500916, 0.00323822651989758, 0.019072310999035835, 0.0009623482474125922, 0.999333918094635, 0.9993457198143005, 0.9878528118133545, 0.012473443523049355]
[0.9962940812110901, 0.0029444051906466484, 0.017155928537249565, 0.0009083499317057431, 0.9995947480201721, 0.9995656609535217, 0.9969412684440613, 0.010841772891581059]
[0.9964481592178345, 0.0027699735946953297, 0.018078170716762543, 0.001021905685774982, 0.9995545744895935, 0.9995181560516357, 0.9965422749519348, 0.011499044485390186]
[0.9959295392036438, 0.003239315003156662, 0.01907724142074585, 0.000962809135671705, 0.9993336796760559, 0.9993454813957214, 0.9878523349761963, 0.012484502047300339]
[0.9987020492553711, 0.00090616854140535, 0.017333444207906723, 0.001080154674127698, 0.9997559189796448, 0.9996768236160278, 0.9989700317382812, 0.009640405885875225]
[0.9975726008415222, 0.001770382164977491, 0.017164429649710655, 0.0011055092327296734, 0.9992414712905884, 0.9991360306739807, 0.9923471212387085, 0.010530318133533001]
[0.9982738494873047, 0.0012369698379188776, 0.022877007722854614, 0.001694272505119443, 0.9994150400161743, 0.999313235282898, 0.995334804058075, 0.012750852853059769]
[0.9979367256164551, 0.001443518791347742, 0.015124469995498657, 0.0010496590984985232, 0.9995785355567932, 0.9994489550590515, 0.9983215928077698, 0.008773719891905785]
[0.9945135116577148, 0.0048488229513168335, 0.01769185997545719, 0.0005661473260261118, 0.997919499874115, 0.997864305973053, 0.8088502883911133, 0.006356383673846722]
[0.9938073754310608, 0.005569341126829386, 0.016700223088264465, 0.0006223354721441865, 0.9978943467140198, 0.9978293776512146, 0.818331241607666, 0.00727767962962389]
[0.9957165122032166, 0.003855978837236762, 0.02077619731426239, 0.0006725079147145152, 0.9982708692550659, 0.9982598423957825, 0.8129614591598511, 0.009456261061131954]
[0.9955442547798157, 0.004049657844007015, 0.01925441436469555, 0.0006409409688785672, 0.9981275200843811, 0.9980906844139099, 0.8070488572120667, 0.010502977296710014]
[0.9921625256538391, 0.00907332543283701, 0.984481692314148, 0.9782472252845764, 0.011056012474000454, 0.010579459369182587, 0.002560193883255124, 0.018196260556578636]
[0.9908043146133423, 0.010623724199831486, 0.983319103717804, 0.9700750112533569, 0.020064914599061012, 0.017424678429961205, 0.006337868049740791, 0.015892835333943367]
[0.99321049451828, 0.007632314693182707, 0.9905168414115906, 0.9829124212265015, 0.012286745011806488, 0.012547655962407589, 0.0029832557775080204, 0.02149941399693489]
[0.993920087814331, 0.006845537573099136, 0.9913137555122375, 0.9800699949264526, 0.015559657476842403, 0.015114692971110344, 0.0035725163761526346, 0.013563960790634155]
[0.9932698607444763, 0.00849994271993637, 0.9933708906173706, 0.9884935021400452, 0.010161414742469788, 0.009574571624398232, 0.0029250166844576597, 0.01626301370561123]
[0.9945759773254395, 0.006857098080217838, 0.9955458641052246, 0.9919114708900452, 0.008273812010884285, 0.008401473052799702, 0.0022571771405637264, 0.01643943041563034]
[0.9952601790428162, 0.005872505251318216, 0.9970574378967285, 0.9925252199172974, 0.008569958619773388, 0.008776943199336529, 0.002028345363214612, 0.013168622739613056]
[0.9874064326286316, 0.014266462996602058, 0.9754103422164917, 0.9759422540664673, 0.00885262992233038, 0.00852812360972166, 0.0029700833838433027, 0.03546033427119255]
[0.8252439498901367, 0.17780978977680206, 0.006746302824467421, 0.00041128016891889274, 0.8208215832710266, 0.8300685286521912, 0.017130251973867416, 0.004793877247720957]
[0.8097343444824219, 0.18912100791931152, 0.0066475518979132175, 0.0003871864755637944, 0.8090212345123291, 0.8168672323226929, 0.01708362065255642, 0.0040415502153337]
[0.9977395534515381, 0.0026626354083418846, 0.8845540285110474, 0.008539973758161068, 0.9941838383674622, 0.9945574998855591, 0.09027944505214691, 0.013581644743680954]
[0.9910736680030823, 0.008898766711354256, 0.041209667921066284, 0.0013595749624073505, 0.9903813004493713, 0.9908724427223206, 0.11624359339475632, 0.019967559725046158]
[0.9956309795379639, 0.00385512737557292, 0.2618124186992645, 0.0014066247968003154, 0.9950264096260071, 0.9958475232124329, 0.06388696283102036, 0.013319551013410091]
[0.9806386828422546, 0.016764774918556213, 0.016784435138106346, 0.00035031483275815845, 0.9825133681297302, 0.9843325614929199, 0.019228456541895866, 0.004236629698425531]
[0.9907146692276001, 0.009755616076290607, 0.021691882982850075, 0.00073064467869699, 0.9920209050178528, 0.9926222562789917, 0.1268608123064041, 0.01226218231022358]
[0.9966153502464294, 0.0035575206857174635, 0.1453838050365448, 0.0017343525541946292, 0.9969820380210876, 0.9970582723617554, 0.294901043176651, 0.026787618175148964]
[0.9940289258956909, 0.004543639253824949, 0.012565037235617638, 0.0007407265366055071, 0.9990280866622925, 0.9989233613014221, 0.9869950413703918, 0.007839998230338097]
[0.9948264956474304, 0.0041619534604251385, 0.01386956311762333, 0.0009021604200825095, 0.9990795850753784, 0.99904865026474, 0.9887828230857849, 0.009491090662777424]
[0.9942235350608826, 0.004391379654407501, 0.012891527265310287, 0.0007621653494425118, 0.9990172386169434, 0.9989219903945923, 0.9873549342155457, 0.00783744640648365]
[0.9971452355384827, 0.0025509099941700697, 0.032547615468502045, 0.0021859081462025642, 0.9997336268424988, 0.999679684638977, 0.9988610744476318, 0.02686590887606144]
[0.9940345883369446, 0.004802073817700148, 0.014288305304944515, 0.0008943215943872929, 0.9986017346382141, 0.9984734654426575, 0.9825500845909119, 0.008414529263973236]
[0.9894405007362366, 0.008955695666372776, 0.008802530355751514, 0.0006149192922748625, 0.9981653094291687, 0.9977371692657471, 0.9626213908195496, 0.014399487525224686]
[0.9933413863182068, 0.005276394076645374, 0.012887584045529366, 0.0007938880007714033, 0.9985276460647583, 0.9983692765235901, 0.9763845801353455, 0.00942476186901331]
[0.9938872456550598, 0.005244746804237366, 0.013726967386901379, 0.0009148259414359927, 0.998713493347168, 0.9985502362251282, 0.9823744893074036, 0.011779285967350006]
[0.9987748265266418, 0.0012437499826774001, 0.9058566689491272, 0.004462595097720623, 0.9899582266807556, 0.9918705224990845, 0.019173895940184593, 0.009921385906636715]
[0.9988299012184143, 0.0012049180222675204, 0.9117825031280518, 0.004902206361293793, 0.9923107624053955, 0.9936540126800537, 0.02709326706826687, 0.008384781889617443]
[0.998615026473999, 0.0013536331243813038, 0.8512725234031677, 0.003987699747085571, 0.9899982810020447, 0.991969883441925, 0.02088981680572033, 0.012802241370081902]
[0.9951013922691345, 0.004370751325041056, 0.36256536841392517, 0.0012097930302843451, 0.9868018627166748, 0.9891835451126099, 0.018838852643966675, 0.01796732097864151]
[0.9896990656852722, 0.011363969184458256, 0.9732784628868103, 0.143582284450531, 0.3212842345237732, 0.39280685782432556, 0.0013221079716458917, 0.06886877864599228]
[0.9929424524307251, 0.008611244149506092, 0.9808583855628967, 0.13177260756492615, 0.5400400161743164, 0.6138308644294739, 0.001597437891177833, 0.04086621478199959]
[0.9901828169822693, 0.012211226858198643, 0.9711722135543823, 0.12982060015201569, 0.3699549734592438, 0.4489348828792572, 0.0012256369227543473, 0.059476181864738464]
[0.9932464361190796, 0.008177886717021465, 0.9806357026100159, 0.13016216456890106, 0.5589957237243652, 0.6309617757797241, 0.0017976254457607865, 0.04075208306312561]
[0.9919586181640625, 0.008373886346817017, 0.9913354516029358, 0.9849171042442322, 0.007891271263360977, 0.008289536461234093, 0.0030915462411940098, 0.014838931150734425]
[0.993893027305603, 0.006504549644887447, 0.992414653301239, 0.9862486720085144, 0.008653880096971989, 0.008944994769990444, 0.0033320230431854725, 0.011412886902689934]
[0.9949954748153687, 0.005769040901213884, 0.9961220622062683, 0.990470290184021, 0.005947704892605543, 0.006072682328522205, 0.0018005274469032884, 0.008423812687397003]
[0.9912605881690979, 0.010288873687386513, 0.9926097989082336, 0.9858988523483276, 0.006185214966535568, 0.0065153841860592365, 0.0021523733157664537, 0.0169986505061388]
[0.9956342577934265, 0.0048726401291787624, 0.9950342178344727, 0.9910212159156799, 0.007288701366633177, 0.0075932396575808525, 0.0025655499193817377, 0.01039289403706789]
[0.9938939213752747, 0.006636766716837883, 0.9932356476783752, 0.9874511957168579, 0.007822003215551376, 0.008216677233576775, 0.002862023888155818, 0.014655506238341331]
[0.9951961636543274, 0.00527925742790103, 0.9945770502090454, 0.9837695360183716, 0.008104122243821621, 0.008303546346724033, 0.0015244625974446535, 0.01160805206745863]
[0.9949530363082886, 0.005583381745964289, 0.9941231608390808, 0.9869667887687683, 0.008029297925531864, 0.008543184027075768, 0.0019957437179982662, 0.012399452738463879]
[0.005581827834248543, 0.9955264925956726, 0.0028970178682357073, 0.0028168943244963884, 0.0010120103834196925, 0.0007090680301189423, 0.0005950295017100871, 0.0037692186888307333]
[0.00609419634565711, 0.9950662851333618, 0.0026916975621134043, 0.0029473030008375645, 0.0012412730138748884, 0.0009023473248817027, 0.0006676134071312845, 0.004261715803295374]
[0.01954485848546028, 0.979649007320404, 0.007545530330389738, 0.010450632311403751, 0.022314447909593582, 0.014097684994339943, 0.018144821748137474, 0.023772044107317924]
[0.011717120185494423, 0.9886260628700256, 0.007870062254369259, 0.010803318582475185, 0.004867320414632559, 0.0034509955439716578, 0.0033015606459230185, 0.013842497020959854]
[0.0187191404402256, 0.9803435802459717, 0.014756367541849613, 0.022517921403050423, 0.010222839191555977, 0.006543218623846769, 0.008176772855222225, 0.029169682413339615]
[0.010852757841348648, 0.9891564846038818, 0.009175403974950314, 0.011089502833783627, 0.00457080639898777, 0.0029395571909844875, 0.0033227563835680485, 0.012120552361011505]
[0.012669750489294529, 0.9890477061271667, 0.00508487643674016, 0.009035051800310612, 0.003212087322026491, 0.002198600908741355, 0.0019139241194352508, 0.01503970380872488]
[0.012922290712594986, 0.988930881023407, 0.00514101330190897, 0.009182238020002842, 0.0031179669313132763, 0.0021474447567015886, 0.001869114930741489, 0.01516018807888031]
[0.012637057341635227, 0.9890947937965393, 0.005065753124654293, 0.009010059759020805, 0.0031756518874317408, 0.0021749287843704224, 0.0018915649270638824, 0.015000290237367153]
[0.0132312485948205, 0.9888739585876465, 0.00499277887865901, 0.009146136231720448, 0.0030348545406013727, 0.002102590398862958, 0.001818968914449215, 0.015675770118832588]
[0.005024178884923458, 0.9961913824081421, 0.0020768139511346817, 0.0021967031061649323, 0.0007530399016104639, 0.0005431281169876456, 0.00041300355223938823, 0.0030558535363525152]
[0.0050256880931556225, 0.9961994290351868, 0.002067944500595331, 0.0022078435868024826, 0.0007541027152910829, 0.0005425196723081172, 0.0004269821511115879, 0.00310711283236742]
[0.006062476430088282, 0.9954600930213928, 0.0022135537583380938, 0.0029623822774738073, 0.0010595431085675955, 0.0007654530927538872, 0.0005670991959050298, 0.00405462272465229]
[0.0059294188395142555, 0.9955831170082092, 0.0021704414393752813, 0.002880492014810443, 0.000983350444585085, 0.0007229128386825323, 0.0005157305276952684, 0.003977309912443161]
[0.003649563994258642, 0.9974231719970703, 0.0011374960886314511, 0.0012402193387970328, 0.00045104979653842747, 0.00032386445673182607, 0.00019448278180789202, 0.002188860671594739]
[0.003702889196574688, 0.9973893761634827, 0.0011451216414570808, 0.0012524818303063512, 0.00046138413017615676, 0.00033182514016516507, 0.00019649809109978378, 0.0022460459731519222]
[0.004756870213896036, 0.9961148500442505, 0.0023852919694036245, 0.00244529009796679, 0.0010110066505149007, 0.0007002661586739123, 0.0005184131441637874, 0.002925931941717863]
[0.00466650677844882, 0.996012806892395, 0.002589249750599265, 0.0025908572133630514, 0.0010811305837705731, 0.000728348852135241, 0.0005396704073064029, 0.002662329003214836]
[0.006376119330525398, 0.9950960278511047, 0.0026732960250228643, 0.0032353189308196306, 0.0009703069808892906, 0.0006992458365857601, 0.0005004460690543056, 0.00554126501083374]
[0.007606294471770525, 0.9941399097442627, 0.0027096313424408436, 0.004793961066752672, 0.0016254250658676028, 0.0011128203477710485, 0.0011209495132789016, 0.007225139066576958]
[0.004203688818961382, 0.9968379735946655, 0.001929313875734806, 0.0020153403747826815, 0.0006786792655475438, 0.000491409795358777, 0.0003275371273048222, 0.0029914649203419685]
[0.0038010203279554844, 0.997052788734436, 0.0015989838866516948, 0.0018024806631729007, 0.0006107593653723598, 0.00043797644320875406, 0.00027152092661708593, 0.0023802174255251884]
[0.006804214790463448, 0.9944080114364624, 0.004101377911865711, 0.004402590915560722, 0.0012478632852435112, 0.000857404200360179, 0.0007609022432006896, 0.005463789217174053]
[0.00625159265473485, 0.995182454586029, 0.0030018400866538286, 0.0036152799148112535, 0.001104499795474112, 0.0007983670220710337, 0.0006200679345056415, 0.005094198510050774]
[0.005415833555161953, 0.9954442977905273, 0.0030363090336322784, 0.002946411957964301, 0.0011206084163859487, 0.0007593691698275506, 0.000591299613006413, 0.003289255080744624]
[0.006700383964926004, 0.9944497346878052, 0.003511319635435939, 0.003411721671000123, 0.0014419758226722479, 0.0010039251064881682, 0.0007657314417883754, 0.004755267407745123]
[0.007218261249363422, 0.9940903782844543, 0.003925473894923925, 0.00442334171384573, 0.0014770756242796779, 0.0010092046577483416, 0.0010343292960897088, 0.005518367979675531]
[0.007839779369533062, 0.9941056966781616, 0.0031644925475120544, 0.004446414299309254, 0.0013546221889555454, 0.0009921862510964274, 0.0008537519606761634, 0.006338068749755621]
[0.041646383702754974, 0.9602454304695129, 0.027395490556955338, 0.03236520290374756, 0.02442680113017559, 0.019353970885276794, 0.02237129397690296, 0.060904450714588165]
[0.009443669579923153, 0.9921994805335999, 0.0058156568557024, 0.007946203462779522, 0.0023366250097751617, 0.0016993239987641573, 0.001677746302448213, 0.01151447556912899]
[0.09041370451450348, 0.9154132604598999, 0.05246898531913757, 0.0751543939113617, 0.05914689227938652, 0.04637434706091881, 0.06299176812171936, 0.13160143792629242]
[0.06594967842102051, 0.939656138420105, 0.04141939803957939, 0.056302089244127274, 0.03630475327372551, 0.028531618416309357, 0.033652979880571365, 0.09694799035787582]
[0.016264058649539948, 0.9873369336128235, 0.005845857784152031, 0.008729537948966026, 0.004251180216670036, 0.00308199948631227, 0.0034439757000654936, 0.016015127301216125]
[0.015696007758378983, 0.98763507604599, 0.005910561420023441, 0.008656756021082401, 0.004267478361725807, 0.0030911550857126713, 0.0034454651176929474, 0.01696651428937912]
[0.01561805885285139, 0.9879496097564697, 0.005539523437619209, 0.008337903767824173, 0.003931168466806412, 0.0028500056359916925, 0.0032302129548043013, 0.016281845048069954]
[0.010535744950175285, 0.9915643930435181, 0.004810585640370846, 0.0062624020501971245, 0.0025289368350058794, 0.0018170427065342665, 0.0017410898581147194, 0.009101269766688347]
[0.007585733197629452, 0.9940734505653381, 0.0038790390826761723, 0.003978980239480734, 0.001363175455480814, 0.0009478966821916401, 0.0009033817914314568, 0.005532099865376949]
[0.016484718769788742, 0.9866553544998169, 0.0063195484690368176, 0.009133993647992611, 0.004020450171083212, 0.0028267870657145977, 0.0018554298439994454, 0.016997789964079857]
[0.01245814561843872, 0.9903038144111633, 0.005114030092954636, 0.008027588948607445, 0.0018411478959023952, 0.0014287219382822514, 0.000820988672785461, 0.011980239301919937]
[0.012416625395417213, 0.9903154969215393, 0.005161140579730272, 0.008156267926096916, 0.0018116823630407453, 0.0014172561932355165, 0.0008341907523572445, 0.012468280270695686]
[0.00713092926889658, 0.9945893287658691, 0.003338991431519389, 0.004758692346513271, 0.0011883791303262115, 0.0009101470932364464, 0.0006744349957443774, 0.007187333889305592]
[0.012420807965099812, 0.9903351068496704, 0.005141911096870899, 0.00819292664527893, 0.0018065004842355847, 0.001410478726029396, 0.0008185831247828901, 0.012259813956916332]
[0.10120953619480133, 0.9098466038703918, 0.059209201484918594, 0.050209950655698776, 0.004943764302879572, 0.004083841573446989, 0.0018329002195969224, 0.036687806248664856]
[0.019706398248672485, 0.9831505417823792, 0.012076901271939278, 0.012732583098113537, 0.0027544298209249973, 0.00214608502574265, 0.0014171008951961994, 0.014384702779352665]
[0.0248641986399889, 0.9782741665840149, 0.015435056760907173, 0.015350026078522205, 0.003253179369494319, 0.0025360893923789263, 0.0015963749028742313, 0.016334449872374535]
[0.036050792783498764, 0.9684292674064636, 0.022741952911019325, 0.021583061665296555, 0.0034821878653019667, 0.0027762397658079863, 0.001496210228651762, 0.018907884135842323]
[0.005498968996107578, 0.9959506988525391, 0.0019129770807921886, 0.002316905651241541, 0.0008885835413821042, 0.000666043721139431, 0.00045857205986976624, 0.0036913796793669462]
[0.00546383298933506, 0.9959665536880493, 0.0019201262621209025, 0.0023054026532918215, 0.0008853366016410291, 0.0006665869732387364, 0.0004481953219510615, 0.0036463490687310696]
[0.006310365628451109, 0.9947276711463928, 0.0028931526467204094, 0.003033630084246397, 0.0015445800963789225, 0.0010324897011741996, 0.0008934038924053311, 0.0041305203922092915]
[0.00570856174454093, 0.9952860474586487, 0.0027502626180648804, 0.0030019343830645084, 0.0012404349399730563, 0.0008510699262842536, 0.000713740533683449, 0.004062054678797722]
[0.004213410429656506, 0.9967318773269653, 0.0017305318033322692, 0.002025984926149249, 0.0006895701517350972, 0.0004825727082788944, 0.00031162105733528733, 0.0025591126177459955]
[0.004168106243014336, 0.9967759251594543, 0.001708056079223752, 0.0019947439432144165, 0.0006772161577828228, 0.00047459069173783064, 0.00030330143636092544, 0.0025484785437583923]
[0.006393798626959324, 0.9951506853103638, 0.00269495602697134, 0.0037364852614700794, 0.001103737740777433, 0.0008146655163727701, 0.0006293253973126411, 0.004839880857616663]
[0.005847224500030279, 0.9955810904502869, 0.002486477605998516, 0.003403949784114957, 0.000981105025857687, 0.000718285737093538, 0.0005575465620495379, 0.0048024156130850315]
[0.006815541069954634, 0.9948787689208984, 0.002842571819201112, 0.004234713036566973, 0.0012410985073074698, 0.0009333729976788163, 0.0006777611561119556, 0.0049788388423621655]
[0.004676459357142448, 0.9965039491653442, 0.0016628331504762173, 0.0017806945834308863, 0.000723608594853431, 0.000519431137945503, 0.000318793929181993, 0.003034214023500681]
[0.007659634575247765, 0.9939006567001343, 0.004110430832952261, 0.004903367254883051, 0.0017523348797112703, 0.001252750284038484, 0.001133968005888164, 0.008515839464962482]
[0.006959483493119478, 0.9944654107093811, 0.0034446679055690765, 0.004288511350750923, 0.0013352539390325546, 0.0009489060612395406, 0.000863119144923985, 0.006741409655660391]
[0.0066371033899486065, 0.9954017400741577, 0.0018723801476880908, 0.002344193635508418, 0.0011512103956192732, 0.0008810929721221328, 0.0006084577180445194, 0.005065438337624073]
[0.005680472124367952, 0.9959561228752136, 0.0018241569632664323, 0.0021982777398079634, 0.0009632558794692159, 0.0007316204719245434, 0.0004983163671568036, 0.004353421740233898]
[0.015227213501930237, 0.9874778985977173, 0.00978994369506836, 0.012184941209852695, 0.004875163082033396, 0.003725549206137657, 0.002764833625406027, 0.015566546469926834]
[0.042764171957969666, 0.9650435447692871, 0.023688629269599915, 0.034005384892225266, 0.01580648124217987, 0.01321029756218195, 0.013321863487362862, 0.07305242121219635]
[0.006267859134823084, 0.9951363205909729, 0.0027140651363879442, 0.0046002548187971115, 0.0011437633074820042, 0.0008354468736797571, 0.0005734247388318181, 0.005807474721223116]
[0.006211592350155115, 0.9951831698417664, 0.002676056232303381, 0.004507147707045078, 0.0011102167190983891, 0.000814832397736609, 0.0005564753664657474, 0.005758845712989569]
[0.0051143839955329895, 0.9961920976638794, 0.001415369799360633, 0.0019703065045177937, 0.0008647774811834097, 0.0006171359564177692, 0.00028750463388860226, 0.003550607245415449]
[0.005170045420527458, 0.9961938858032227, 0.0013917237520217896, 0.0019466958474367857, 0.0008420808590017259, 0.0006000277353450656, 0.00028245439170859754, 0.0036546930205076933]
[0.010611667297780514, 0.9914062023162842, 0.004883998539298773, 0.00645829550921917, 0.0024565192870795727, 0.0017388187116011977, 0.001291348715312779, 0.01016000472009182]
[0.0069231437519192696, 0.9947881698608398, 0.002733743516728282, 0.0035445389803498983, 0.0011899801902472973, 0.0008756036986596882, 0.0005425176350399852, 0.004925412125885487]
[0.00922884326428175, 0.9922099113464355, 0.004425965249538422, 0.005730224773287773, 0.0023604051675647497, 0.0016783527098596096, 0.0014392546145245433, 0.007041312288492918]
[0.008453117683529854, 0.9932461977005005, 0.0038970359601080418, 0.004682882688939571, 0.0017986207967624068, 0.0013076687464490533, 0.0010324419708922505, 0.006532697938382626]
[0.008359825238585472, 0.9930344820022583, 0.004532311111688614, 0.005914434790611267, 0.0018727240385487676, 0.0013298214180395007, 0.0011443370021879673, 0.006612046621739864]
[0.009103415533900261, 0.9924368262290955, 0.004658317193388939, 0.00634792959317565, 0.00203946721740067, 0.0014360673958435655, 0.0013080860953778028, 0.0073435320518910885]
[0.007833142764866352, 0.9937137961387634, 0.003779106307774782, 0.00562951760366559, 0.0017531393095850945, 0.0012616069288924336, 0.0010083146626129746, 0.007111812476068735]
[0.006362264975905418, 0.9950364232063293, 0.003649472026154399, 0.005640758201479912, 0.0012610441772267222, 0.0009053986868821084, 0.0008138628327287734, 0.006821060087531805]
[0.008542807772755623, 0.9932138919830322, 0.003931088373064995, 0.006030009128153324, 0.001793022733181715, 0.001297985203564167, 0.001043289084918797, 0.007694416679441929]
[0.005706608295440674, 0.9953739047050476, 0.003316387301310897, 0.005134242586791515, 0.0012783142738044262, 0.0008917454397305846, 0.0008195235277526081, 0.00595692778006196]
[0.010011906735599041, 0.992846667766571, 0.0023723577614873648, 0.0037011413369327784, 0.0031904836650937796, 0.0020766607485711575, 0.0019092097645625472, 0.0077447849325835705]
[0.004203285556286573, 0.9969360828399658, 0.0013657426461577415, 0.0013973760651424527, 0.000626198947429657, 0.00045969156781211495, 0.0002361734223086387, 0.002299499697983265]
[0.008275596424937248, 0.9926322102546692, 0.0048081642016768456, 0.005300705786794424, 0.0021342188119888306, 0.0014724096981808543, 0.0010696082608774304, 0.005645386874675751]
[0.008110687136650085, 0.992767333984375, 0.005183195695281029, 0.006119514815509319, 0.00195138284470886, 0.0013016980374231935, 0.0010751114459708333, 0.006147900130599737]
[0.007643526419997215, 0.9939873218536377, 0.003559471806511283, 0.005318515468388796, 0.0016289256745949388, 0.0012003068113699555, 0.0008648776565678418, 0.007819446735084057]
[0.007330862805247307, 0.9943932294845581, 0.0032994430512189865, 0.005343283526599407, 0.0015181300695985556, 0.001142591005191207, 0.0008394175674766302, 0.00793330930173397]
[0.04090365767478943, 0.9667268395423889, 0.01563147082924843, 0.014136322773993015, 0.0025174038019031286, 0.001998028252273798, 0.0010599130764603615, 0.018315790221095085]
[0.03892461955547333, 0.9686955213546753, 0.014016701839864254, 0.012354572303593159, 0.0025760026182979345, 0.0020763641223311424, 0.001022274256683886, 0.01672881282866001]
[0.09386342763900757, 0.9150033593177795, 0.061154503375291824, 0.05075666308403015, 0.006191643420606852, 0.005018713418394327, 0.0026078124064952135, 0.045059747993946075]
[0.08511480689048767, 0.9232308268547058, 0.05495879426598549, 0.04622817784547806, 0.006173706613481045, 0.004986768122762442, 0.0026965495198965073, 0.04487000033259392]
[0.9959139227867126, 0.0043022832833230495, 0.9961081147193909, 0.9897449612617493, 0.008188393898308277, 0.00839643832296133, 0.002227149438112974, 0.008262508548796177]
[0.9944500923156738, 0.005917354021221399, 0.9941287040710449, 0.9887861013412476, 0.007790898438543081, 0.008157105185091496, 0.0027453547809273005, 0.011607018299400806]
[0.995559573173523, 0.0050696940161287785, 0.994865357875824, 0.9904954433441162, 0.008079501800239086, 0.008180780336260796, 0.002795750740915537, 0.009278351441025734]
[0.9944420456886292, 0.006298938766121864, 0.9937337040901184, 0.986599326133728, 0.007594177965074778, 0.007823746651411057, 0.0023312887642532587, 0.009850781410932541]
[0.5241155624389648, 0.4816320836544037, 0.004679374396800995, 0.00038036200567148626, 0.5559808015823364, 0.5018824934959412, 0.009181053377687931, 0.005639244802296162]
[0.5241155624389648, 0.4816320836544037, 0.004679374396800995, 0.00038036200567148626, 0.5559808015823364, 0.5018824934959412, 0.009181053377687931, 0.005639244802296162]
[0.9869874715805054, 0.012796565890312195, 0.021920708939433098, 0.0006301329704001546, 0.9801005125045776, 0.9822032451629639, 0.02600366435945034, 0.010414818301796913]
[0.9481247067451477, 0.05220630019903183, 0.012809915468096733, 0.0005135037936270237, 0.9414836764335632, 0.9453792572021484, 0.01622645929455757, 0.006886082701385021]
[0.9933462142944336, 0.008031249977648258, 0.9929788708686829, 0.9528159499168396, 0.01264766976237297, 0.009265093132853508, 0.0013351681409403682, 0.0024291418958455324]
[0.9942827224731445, 0.006742754019796848, 0.9956491589546204, 0.9762090444564819, 0.01150103472173214, 0.008987866342067719, 0.0014268807135522366, 0.0036441998090595007]
[0.9949923157691956, 0.00594461290165782, 0.9953411817550659, 0.973609209060669, 0.014782651327550411, 0.011431355029344559, 0.001928516081534326, 0.0025795837864279747]
[0.9950566291809082, 0.005800149869173765, 0.9965031147003174, 0.9829880595207214, 0.010843117721378803, 0.008853679522871971, 0.001476329518482089, 0.003570583648979664]
[0.9978739023208618, 0.0023888498544692993, 0.998267650604248, 0.9897346496582031, 0.012213821522891521, 0.010466927662491798, 0.0024270976427942514, 0.003998494241386652]
[0.997386634349823, 0.0028891167603433132, 0.9970247149467468, 0.9778683185577393, 0.01788175292313099, 0.01363212801516056, 0.003398674074560404, 0.0031795715913176537]
[0.9976761937141418, 0.002624646993353963, 0.9975524544715881, 0.9836244583129883, 0.01594497449696064, 0.012172653339803219, 0.00317248678766191, 0.0032448037527501583]
[0.9976293444633484, 0.0027344857808202505, 0.9975497126579285, 0.9854462146759033, 0.013370896689593792, 0.010250706225633621, 0.002758186310529709, 0.003195885568857193]
[0.9909018874168396, 0.009953592903912067, 0.9926935434341431, 0.9840107560157776, 0.007064430508762598, 0.00714574521407485, 0.0018762864638119936, 0.016519907861948013]
[0.9909018874168396, 0.009953592903912067, 0.9926935434341431, 0.9840107560157776, 0.007064430508762598, 0.00714574521407485, 0.0018762864638119936, 0.016519907861948013]
[0.995103120803833, 0.005681856535375118, 0.9945524334907532, 0.9910708665847778, 0.00760827399790287, 0.007851853966712952, 0.002215629443526268, 0.012025941163301468]
[0.9951766729354858, 0.005571787245571613, 0.9947915077209473, 0.991087019443512, 0.007750720251351595, 0.008019516244530678, 0.0022372708190232515, 0.011708029545843601]
[0.9972665309906006, 0.003127463860437274, 0.9982576966285706, 0.9896454811096191, 0.00862149242311716, 0.007728345692157745, 0.0015053077368065715, 0.004050550516694784]
[0.9972468614578247, 0.0032306858338415623, 0.9978122711181641, 0.987318217754364, 0.00914902426302433, 0.007705674506723881, 0.0016070962883532047, 0.0034775561653077602]
[0.9969329833984375, 0.0034213850740343332, 0.9965999722480774, 0.9844591617584229, 0.010127012617886066, 0.008158200420439243, 0.0016395342536270618, 0.004192338790744543]
[0.996462881565094, 0.003919903188943863, 0.9957169890403748, 0.9765922427177429, 0.011700346134603024, 0.008871195837855339, 0.0019007101655006409, 0.0035861660726368427]
[0.009489329531788826, 0.99244225025177, 0.004070740658789873, 0.004835454747080803, 0.0012901261216029525, 0.0009508355869911611, 0.0007878855685703456, 0.008455391973257065]
[0.009534838609397411, 0.9924236536026001, 0.004092694725841284, 0.004878115840256214, 0.0012844506418332458, 0.0009451434598304331, 0.0007894171867519617, 0.008461142890155315]
[0.024128271266818047, 0.9803687930107117, 0.007781715132296085, 0.010243171826004982, 0.002693072659894824, 0.002100109588354826, 0.0012508294312283397, 0.021462498232722282]
[0.02822125516831875, 0.977338969707489, 0.008629650808870792, 0.011725946329534054, 0.002643461339175701, 0.0021001268178224564, 0.0012650712160393596, 0.025891892611980438]
[0.972088634967804, 0.025435244664549828, 0.012492398731410503, 0.00023500045062974095, 0.9610353112220764, 0.9651215672492981, 0.017543237656354904, 0.004045194946229458]
[0.9730666279792786, 0.0238665621727705, 0.015224381349980831, 0.00029150204500183463, 0.963012158870697, 0.9668149948120117, 0.018075792118906975, 0.003455706872045994]
[0.969940185546875, 0.028926704078912735, 0.007437491789460182, 0.0003342683776281774, 0.9692419767379761, 0.9753813147544861, 0.027581725269556046, 0.03278644382953644]
[0.9800621867179871, 0.018617331981658936, 0.011934826150536537, 0.0004675675299949944, 0.9829024076461792, 0.9850940704345703, 0.04078340530395508, 0.01844530738890171]
[0.006024201400578022, 0.9951999187469482, 0.00351474666967988, 0.0044775465503335, 0.0010958235943689942, 0.0007628308958373964, 0.0007073416491039097, 0.00478405924513936]
[0.006024835165590048, 0.9951999187469482, 0.0035148002207279205, 0.00447815889492631, 0.0010959221981465816, 0.0007629657629877329, 0.0007073490414768457, 0.004782211501151323]
[0.006686269771307707, 0.9946940541267395, 0.0034471650142222643, 0.003667970420792699, 0.0010156385833397508, 0.0007282648584805429, 0.0006147560779936612, 0.004771153908222914]
[0.006694039795547724, 0.9946879148483276, 0.0034504213836044073, 0.003671938320621848, 0.001015451387502253, 0.000728154496755451, 0.0006145741790533066, 0.004773921798914671]
[0.9924318790435791, 0.009088939987123013, 0.9937275648117065, 0.9900606870651245, 0.006479355506598949, 0.006190012209117413, 0.0017811702564358711, 0.01083927322179079]
[0.9915619492530823, 0.01003290805965662, 0.9936838150024414, 0.9889928698539734, 0.0065809027291834354, 0.006243238225579262, 0.001717024832032621, 0.011721986345946789]
[0.99659663438797, 0.0038637854158878326, 0.9972881078720093, 0.9939180612564087, 0.00711638992652297, 0.0073344511911273, 0.001878563198260963, 0.008623110130429268]
[0.9957621693611145, 0.004810222890228033, 0.9958153367042542, 0.9927350282669067, 0.007098844274878502, 0.007359343580901623, 0.002152180764824152, 0.010435430333018303]
[0.9994194507598877, 0.0005692396080121398, 0.9926566481590271, 0.014144985005259514, 0.9897509217262268, 0.9919676184654236, 0.01912223920226097, 0.004661158658564091]
[0.9994229078292847, 0.0005609780200757086, 0.9925507307052612, 0.014034691266715527, 0.989554762840271, 0.991834282875061, 0.018651705235242844, 0.004760496784001589]
[0.996076762676239, 0.00448553916066885, 0.45033490657806396, 0.0030610281974077225, 0.9815390706062317, 0.983966052532196, 0.021062305197119713, 0.031029826030135155]
[0.9969942569732666, 0.003236946417018771, 0.702369213104248, 0.0037266677245497704, 0.9757476449012756, 0.9807403087615967, 0.009984757751226425, 0.021481333300471306]
[0.9971517324447632, 0.0021509011276066303, 0.014067264273762703, 0.0006148673710413277, 0.9996993541717529, 0.9996460676193237, 0.9966397285461426, 0.00617592129856348]
[0.9989668130874634, 0.0008903205161914229, 0.03251946344971657, 0.0013264617882668972, 0.9998717308044434, 0.9997987151145935, 0.9993528723716736, 0.01372380368411541]
[0.9975602626800537, 0.0027934680692851543, 0.9975556135177612, 0.9895316362380981, 0.01067780889570713, 0.009120387025177479, 0.002199576236307621, 0.00441384594887495]
[0.9972864389419556, 0.0030916212126612663, 0.9965908527374268, 0.9821403622627258, 0.013717093504965305, 0.010760070756077766, 0.0028196105267852545, 0.0034725151490420103]
[0.9975195527076721, 0.00286105927079916, 0.9972500205039978, 0.9874947667121887, 0.011050763539969921, 0.009070110507309437, 0.0022146999835968018, 0.003750069299712777]
[0.9973004460334778, 0.003114022547379136, 0.99647456407547, 0.9818491339683533, 0.013600388541817665, 0.01071203500032425, 0.0027195261791348457, 0.0036650279071182013]
[0.996630847454071, 0.0038235026877373457, 0.99733966588974, 0.9870617985725403, 0.008778163231909275, 0.007533784490078688, 0.0016978613566607237, 0.005067320540547371]
[0.9965605139732361, 0.004106733947992325, 0.9957011342048645, 0.9792090654373169, 0.012071662582457066, 0.009448045864701271, 0.002561911242082715, 0.004256512504070997]
[0.9964385032653809, 0.0041566998697817326, 0.9962455630302429, 0.9822059869766235, 0.010463347658514977, 0.008318704552948475, 0.002133985050022602, 0.004406218882650137]
[0.9961697459220886, 0.004498254042118788, 0.9948102235794067, 0.9659515023231506, 0.015631016343832016, 0.011916403658688068, 0.002868838608264923, 0.003599925432354212]
[0.9967769980430603, 0.0037322009447962046, 0.9965469241142273, 0.9937036633491516, 0.008784492500126362, 0.009205185808241367, 0.002444723853841424, 0.011627478525042534]
[0.9964897036552429, 0.004089205525815487, 0.9947972893714905, 0.9918426275253296, 0.010175366885960102, 0.010618923231959343, 0.0030636033043265343, 0.013109741732478142]
[0.9969815611839294, 0.003472699783742428, 0.9968929290771484, 0.9937214851379395, 0.008157730102539062, 0.008580544032156467, 0.0020618769340217113, 0.010259490460157394]
[0.9971488118171692, 0.0032952292822301388, 0.9971207976341248, 0.9938398003578186, 0.007883338257670403, 0.008120417594909668, 0.0019297831458970904, 0.009064584039151669]
[0.995225191116333, 0.00565346609801054, 0.9956276416778564, 0.9917095303535461, 0.006947521585971117, 0.007111371960490942, 0.0021241381764411926, 0.01281434204429388]
[0.9956978559494019, 0.005049444269388914, 0.9964432120323181, 0.9922289252281189, 0.0068784854374825954, 0.007079548202455044, 0.0019675104413181543, 0.011097428388893604]
[0.9948818683624268, 0.006102395709604025, 0.9948348999023438, 0.9913952946662903, 0.006538326386362314, 0.00680589722469449, 0.002095608739182353, 0.012203418649733067]
[0.9941459894180298, 0.006957740522921085, 0.9942108392715454, 0.9902284145355225, 0.00756071787327528, 0.007674890104681253, 0.0028196293860673904, 0.014744197949767113]
[0.9992414712905884, 0.0008969359332695603, 0.9838309288024902, 0.01147280354052782, 0.9886178374290466, 0.9914649128913879, 0.01792963221669197, 0.013902915641665459]
[0.999259889125824, 0.0008649262017570436, 0.9856587052345276, 0.012340923771262169, 0.9868606925010681, 0.9904369711875916, 0.01466919481754303, 0.014314938336610794]
[0.9993023872375488, 0.0008139574783854187, 0.9839916825294495, 0.01136038638651371, 0.9883341789245605, 0.9914284348487854, 0.015389160253107548, 0.014832611195743084]
[0.9992735981941223, 0.0008427225984632969, 0.9842124581336975, 0.011365523561835289, 0.9883018136024475, 0.9913179874420166, 0.01553468406200409, 0.014375955797731876]
[0.999290943145752, 0.0008388861315324903, 0.9848121404647827, 0.011421735398471355, 0.9878167510032654, 0.9908952713012695, 0.014556686393916607, 0.013496270403265953]
[0.9993348717689514, 0.0007506515248678625, 0.9857161641120911, 0.011993996798992157, 0.9868873953819275, 0.9903464913368225, 0.012935197912156582, 0.014035423286259174]
[0.999269425868988, 0.000832671532407403, 0.9831032752990723, 0.0159467700868845, 0.9904676079750061, 0.9930059909820557, 0.030113523826003075, 0.01065145619213581]
[0.9992321729660034, 0.000883289088960737, 0.9827594757080078, 0.015330723486840725, 0.9908958077430725, 0.9932466745376587, 0.031728919595479965, 0.009979983791708946]
[0.9992383718490601, 0.0008581994916312397, 0.9840100407600403, 0.015744734555482864, 0.9899131059646606, 0.9925081133842468, 0.02735082618892193, 0.00967236328870058]
[0.9993064403533936, 0.0007963887765072286, 0.9861562252044678, 0.016710491850972176, 0.9909355044364929, 0.9933648109436035, 0.0308375246822834, 0.00983473937958479]
[0.9993560910224915, 0.0007563658291473985, 0.9878233671188354, 0.01758495531976223, 0.9906359314918518, 0.9932156205177307, 0.029147889465093613, 0.009431165643036366]
[0.9993170499801636, 0.0008006831048987806, 0.9876432418823242, 0.018014175817370415, 0.9906099438667297, 0.9932137727737427, 0.030856439843773842, 0.00963688362389803]
[0.9824934005737305, 0.016815664246678352, 0.010824140161275864, 0.0004386435030028224, 0.9788382053375244, 0.9818050265312195, 0.030289217829704285, 0.01817617379128933]
[0.976464569568634, 0.025990096852183342, 0.012512008659541607, 0.0003868619678542018, 0.970619797706604, 0.9754337072372437, 0.037069279700517654, 0.036317165940999985]
[0.009827851317822933, 0.989976704120636, 0.011760616675019264, 0.012957598082721233, 0.0031090707052499056, 0.0019983078818768263, 0.002502634422853589, 0.012856519781053066]
[0.010038578882813454, 0.9897178411483765, 0.011941689066588879, 0.013079146854579449, 0.0032777180895209312, 0.002076004631817341, 0.0028454915154725313, 0.013279316015541553]
[0.009944720193743706, 0.989866316318512, 0.011400987394154072, 0.012502750381827354, 0.003217958379536867, 0.00206331186927855, 0.0027685421518981457, 0.012353221885859966]
[0.009877681732177734, 0.9898214340209961, 0.011733570136129856, 0.012640366330742836, 0.003141673980280757, 0.0020087058655917645, 0.002730127889662981, 0.012385020963847637]
[0.005555064417421818, 0.9954519867897034, 0.00329842371866107, 0.003965615760535002, 0.0012443851446732879, 0.0008578405831940472, 0.000763050455134362, 0.004114008508622646]
[0.009950360283255577, 0.9918333292007446, 0.003304349957033992, 0.0029113879427313805, 0.0034795745741575956, 0.0025175800547003746, 0.0011902818223461509, 0.00509597035124898]
[0.006128576118499041, 0.9949411153793335, 0.0034696832299232483, 0.004298193845897913, 0.0013978605857118964, 0.000986407627351582, 0.000786944234278053, 0.004461394157260656]
[0.006204431410878897, 0.9947751760482788, 0.0032511933241039515, 0.0037712296470999718, 0.001766611821949482, 0.001218116725794971, 0.0010887079406529665, 0.00454294728115201]
[0.008173753507435322, 0.9926533699035645, 0.00585472397506237, 0.005756099708378315, 0.0023218400310724974, 0.0015794504433870316, 0.0014461405808106065, 0.008034704253077507]
[0.005988374352455139, 0.9950639605522156, 0.0036698547191917896, 0.004783130716532469, 0.0011670325184240937, 0.0008105834713205695, 0.0007416391163133085, 0.005615049973130226]
[0.9941841959953308, 0.006288823671638966, 0.9936701059341431, 0.989395797252655, 0.0077591887675225735, 0.008157992735505104, 0.0025412780232727528, 0.012153247371315956]
[0.9942996501922607, 0.006287822034209967, 0.9927404522895813, 0.9893310070037842, 0.007522943429648876, 0.007942584343254566, 0.0030262807849794626, 0.011095554567873478]
[0.9834825992584229, 0.018018197268247604, 0.9825160503387451, 0.9433336853981018, 0.017318084836006165, 0.015754247084259987, 0.0030532919336110353, 0.01148492842912674]
[0.9795174598693848, 0.022346876561641693, 0.982956051826477, 0.9596225023269653, 0.008897186256945133, 0.007934052497148514, 0.0017282910412177444, 0.01318269595503807]
[0.9893914461135864, 0.013153430074453354, 0.982799768447876, 0.9820161461830139, 0.009365856647491455, 0.009113443084061146, 0.002846010960638523, 0.025258604437112808]
[0.9894611239433289, 0.01306828111410141, 0.983120322227478, 0.9829835891723633, 0.008770768530666828, 0.008451906964182854, 0.0026089113671332598, 0.026458311825990677]
[0.9781569242477417, 0.024005159735679626, 0.9470386505126953, 0.9539263248443604, 0.007614505477249622, 0.00807224027812481, 0.002569502452388406, 0.043072812259197235]
[0.9781569242477417, 0.024005159735679626, 0.9470386505126953, 0.9539263248443604, 0.007614505477249622, 0.00807224027812481, 0.002569502452388406, 0.043072812259197235]
[0.9954500794410706, 0.004981253296136856, 0.9946499466896057, 0.9896482825279236, 0.009978641755878925, 0.010406683199107647, 0.0030127158388495445, 0.012140637263655663]
[0.995582640171051, 0.0048338305205106735, 0.9951076507568359, 0.9907172322273254, 0.008824224583804607, 0.00929498765617609, 0.0024930397048592567, 0.011745652183890343]
[0.9948141574859619, 0.00569956423714757, 0.9933221936225891, 0.9888668656349182, 0.008539351634681225, 0.008943608030676842, 0.0025386044289916754, 0.01454377081245184]
[0.99569171667099, 0.004923384170979261, 0.9934597015380859, 0.9898118376731873, 0.009475708939135075, 0.009648248553276062, 0.003443524008616805, 0.01195924449712038]
[0.9963889122009277, 0.0038720567245036364, 0.9966157078742981, 0.9912436008453369, 0.0074837286956608295, 0.007758296560496092, 0.001972264377400279, 0.008034229278564453]
[0.9943063855171204, 0.005974448285996914, 0.9939621090888977, 0.9889978766441345, 0.00688681285828352, 0.007361594587564468, 0.0021488633938133717, 0.013017229735851288]
[0.9947973489761353, 0.005634102504700422, 0.994345486164093, 0.9892567992210388, 0.00748140225186944, 0.00777511578053236, 0.002532973187044263, 0.012318022549152374]
[0.9946125745773315, 0.005998484790325165, 0.9929327964782715, 0.9885490536689758, 0.007745939306914806, 0.007669365499168634, 0.003140705171972513, 0.011229503899812698]
[0.7494617700576782, 0.23475627601146698, 0.009076987393200397, 0.0006326820584945381, 0.7946507334709167, 0.7730906009674072, 0.012586626224219799, 0.007095819804817438]
[0.7389425039291382, 0.24595245718955994, 0.008993580006062984, 0.0006425801548175514, 0.7825126647949219, 0.7591846585273743, 0.012175233103334904, 0.007187176961451769]
[0.721687376499176, 0.26478761434555054, 0.008635866455733776, 0.0006366855814121664, 0.7659227252006531, 0.7402418851852417, 0.011922619305551052, 0.007791212294250727]
[0.7457780838012695, 0.2385716289281845, 0.009005160070955753, 0.0006260763038881123, 0.791810929775238, 0.7697497606277466, 0.012587662786245346, 0.007084934040904045]
[0.9816778302192688, 0.017031230032444, 0.013083492405712605, 0.0005150592187419534, 0.9801509380340576, 0.9829176068305969, 0.02162829600274563, 0.0075646694749593735]
[0.9821104407310486, 0.01660461165010929, 0.013316499069333076, 0.0005258058081381023, 0.9804695248603821, 0.9831847548484802, 0.02166346088051796, 0.007498016580939293]
[0.9820787310600281, 0.016622155904769897, 0.01419698353856802, 0.0005928997998125851, 0.9790216684341431, 0.9819321632385254, 0.020378589630126953, 0.007183707319200039]
[0.9821823239326477, 0.016552137210965157, 0.01313941739499569, 0.0005123954033479095, 0.9807444214820862, 0.9834542274475098, 0.021827686578035355, 0.0075549776665866375]
[0.006457255221903324, 0.9941152334213257, 0.0043264832347631454, 0.004127786960452795, 0.002112704562023282, 0.0014388751005753875, 0.0013017109595239162, 0.0052938032895326614]
[0.006008853670209646, 0.9945212602615356, 0.004178537987172604, 0.004023756366223097, 0.0018533689435571432, 0.0012790699256584048, 0.0011970105115324259, 0.004896512720733881]
[0.0052526118233799934, 0.9961612224578857, 0.0020333989523351192, 0.00237698364071548, 0.0007576704956591129, 0.0005740818451158702, 0.0003812533977907151, 0.0033464482985436916]
[0.005036423914134502, 0.996327817440033, 0.002013370394706726, 0.00232554879039526, 0.0007226762245409191, 0.0005511477356776595, 0.0003474681871011853, 0.003457132261246443]
[0.017309362068772316, 0.9839889407157898, 0.010119610466063023, 0.013424262404441833, 0.007228327449411154, 0.0054151685908436775, 0.00401429133489728, 0.020994994789361954]
[0.007195984944701195, 0.9937129616737366, 0.004276350140571594, 0.0050236256793141365, 0.001867371262051165, 0.0013535170583054423, 0.0010918794432654977, 0.006187067367136478]
[0.00573183037340641, 0.995482325553894, 0.002564104273915291, 0.002995596267282963, 0.000950301589909941, 0.0006955856806598604, 0.0005980614223517478, 0.003655161941424012]
[0.005984154995530844, 0.9952775239944458, 0.0025923489592969418, 0.003102406393736601, 0.0009633917943574488, 0.0007093553431332111, 0.0006050809752196074, 0.0039206515066325665]
[0.004790477454662323, 0.9963561296463013, 0.002157408744096756, 0.0022542730439454317, 0.0007394016720354557, 0.0005560705903917551, 0.00034648971632122993, 0.00254276255145669]
[0.00490367179736495, 0.9962714910507202, 0.0021580893080681562, 0.0022512152791023254, 0.0008175147813744843, 0.0006144116050563753, 0.00037744358996860683, 0.002634068252518773]
[0.0057241045869886875, 0.995456337928772, 0.00290985987521708, 0.003744413610547781, 0.0010208956664428115, 0.0007358858711086214, 0.000626180786639452, 0.004188460297882557]
[0.00581803172826767, 0.9953605532646179, 0.002865374553948641, 0.00357123208232224, 0.0010663530556485057, 0.0007713024388067424, 0.0006625158712267876, 0.003980883862823248]
[0.007180773187428713, 0.9936198592185974, 0.004412203095853329, 0.005054811015725136, 0.001760796527378261, 0.001251143403351307, 0.0010643571149557829, 0.006054293364286423]
[0.007271419279277325, 0.9935372471809387, 0.004443285055458546, 0.005134525243192911, 0.0017944152932614088, 0.0012763694394379854, 0.0011046376312151551, 0.006158003583550453]
[0.0063420613296329975, 0.9952481389045715, 0.0017490407917648554, 0.0017005192348733544, 0.0010101512307301164, 0.0006896569393575191, 0.00030124210752546787, 0.0029145691078156233]
[0.005783730652183294, 0.9956667423248291, 0.001746078603900969, 0.001724414643831551, 0.0008561343420296907, 0.0005920163821429014, 0.00027362696710042655, 0.0029651031363755465]
[0.00557332206517458, 0.995829164981842, 0.0021172957494854927, 0.0021396230440586805, 0.0009011439979076385, 0.000647147826384753, 0.00032556024962104857, 0.0045334151946008205]
[0.005999172572046518, 0.9954427480697632, 0.002205495024099946, 0.002253835555166006, 0.0009529963135719299, 0.0006867268239147961, 0.0003243675164412707, 0.0048179421573877335]
[0.004662488587200642, 0.9964080452919006, 0.0016582870157435536, 0.0019019254250451922, 0.0006888295756652951, 0.0004877329629380256, 0.00023206978221423924, 0.0031043728813529015]
[0.004290425684303045, 0.9966257810592651, 0.0018270817818120122, 0.001875406946055591, 0.0006582550122402608, 0.00045730959391221404, 0.00022452637495007366, 0.0024787229485809803]
[0.004456900060176849, 0.9963244795799255, 0.00211724522523582, 0.002156078815460205, 0.0009003549348562956, 0.0006297471700236201, 0.0004337951831985265, 0.0026169116608798504]
[0.004554589278995991, 0.9962651133537292, 0.002113910159096122, 0.0021711767185479403, 0.0009162029018625617, 0.0006429541972465813, 0.00044650788186118007, 0.0026890491135418415]
[0.004396304488182068, 0.9963982105255127, 0.002056651283055544, 0.002125692320987582, 0.0008691524271853268, 0.0006023156456649303, 0.00043409530189819634, 0.002629582304507494]
[0.004492748063057661, 0.9962992072105408, 0.0020718341693282127, 0.002144078491255641, 0.0009110611863434315, 0.0006272977334447205, 0.000455948495073244, 0.002676029223948717]
[0.009178183041512966, 0.9918802380561829, 0.0077166203409433365, 0.007110476028174162, 0.0010242625139653683, 0.0007545659900642931, 0.0005975212552584708, 0.005343696568161249]
[0.006641433574259281, 0.9945446252822876, 0.0031340373679995537, 0.003791932947933674, 0.001013070927001536, 0.0007344153709709644, 0.0005672540282830596, 0.005559377837926149]
[0.012228522449731827, 0.9877921938896179, 0.022229665890336037, 0.01093501690775156, 0.0013744254829362035, 0.0010567260906100273, 0.0006823829025961459, 0.004753347486257553]
[0.006472839042544365, 0.9946880340576172, 0.0031765897292643785, 0.0038519862573593855, 0.0010279885027557611, 0.0007446811650879681, 0.0005832200986333191, 0.005446931347250938]
[0.008558318950235844, 0.9935913681983948, 0.0030892675276845694, 0.003918671049177647, 0.0016712243668735027, 0.0012666168622672558, 0.0007239786791615188, 0.006596436724066734]
[0.008470055647194386, 0.9936515092849731, 0.0030169482342898846, 0.003816598327830434, 0.0016869946848601103, 0.0012774707283824682, 0.0007298690616153181, 0.006564501207321882]
[0.006414874456822872, 0.9952555298805237, 0.002364079700782895, 0.0031353335361927748, 0.0010380009189248085, 0.0007792810793034732, 0.00047467779950238764, 0.004438998643308878]
[0.006276346743106842, 0.9953899383544922, 0.0022804811596870422, 0.002974537666887045, 0.0009792681084945798, 0.0007343292818404734, 0.0004371630784589797, 0.004151667468249798]
[0.005817300174385309, 0.9953210949897766, 0.0028670441824942827, 0.0029415481258183718, 0.0008621389861218631, 0.0005981041467748582, 0.00035930340527556837, 0.0035395019222050905]
[0.003972003702074289, 0.9968354105949402, 0.0017750957049429417, 0.0018986461218446493, 0.0006754979840479791, 0.0004680511774495244, 0.00028928963001817465, 0.002345267916098237]
[0.006234269123524427, 0.9950183629989624, 0.003035965608432889, 0.003938163165003061, 0.001208114088512957, 0.0008547791512683034, 0.0006458425195887685, 0.004952798597514629]
[0.006236502435058355, 0.9950182437896729, 0.0030334466136991978, 0.003937957808375359, 0.0012082740431651473, 0.0008549331105314195, 0.000645932974293828, 0.004950002767145634]
[0.006452163681387901, 0.9949139356613159, 0.0034198996145278215, 0.0040143998339772224, 0.0012049967190250754, 0.0008611328667029738, 0.0006293703918345273, 0.005249206908047199]
[0.006462316960096359, 0.9949058294296265, 0.0034233888145536184, 0.004009745083749294, 0.001208619331009686, 0.0008648569928482175, 0.0006317872321233153, 0.005263143684715033]
[0.004488201346248388, 0.996563732624054, 0.001341014401987195, 0.0015908145578578115, 0.0006695077172480524, 0.0004892194410786033, 0.0002260551555082202, 0.0029795451555401087]
[0.004511210136115551, 0.9965846538543701, 0.0012724542757496238, 0.0015305373817682266, 0.0006527882069349289, 0.0004769480729009956, 0.00021462951553985476, 0.0030297357589006424]
[0.004808045923709869, 0.9964579939842224, 0.0015339032979682088, 0.0017554322257637978, 0.0007121337694115937, 0.0005347473779693246, 0.000269758835202083, 0.0032986372243613005]
[0.0045272368006408215, 0.9967014193534851, 0.0013980643125250936, 0.0016199774108827114, 0.0006420665304176509, 0.0004815090505871922, 0.00025027981610037386, 0.003154997481033206]
[0.005848815198987722, 0.9955256581306458, 0.0024015388917177916, 0.0027638645842671394, 0.000952290603891015, 0.0007122919196262956, 0.00046628635027445853, 0.003776035737246275]
[0.0057622347958385944, 0.9955798983573914, 0.002417617943137884, 0.002840812550857663, 0.0009244635002687573, 0.0006884873146191239, 0.00046516451402567327, 0.003822284284979105]
[0.006319294683635235, 0.9947803616523743, 0.0031596063636243343, 0.0033005550503730774, 0.0013617195654660463, 0.0010018597822636366, 0.0006154290167614818, 0.0037441235035657883]
[0.006408300716429949, 0.9946895837783813, 0.0032412197906523943, 0.0033700254280120134, 0.0014013834297657013, 0.0010311459191143513, 0.0006379872211255133, 0.003825586521998048]
[0.0058400328271090984, 0.9953800439834595, 0.002844432136043906, 0.0034212907776236534, 0.001084878807887435, 0.0007678797701373696, 0.0006225301185622811, 0.004080371465533972]
[0.005459422245621681, 0.995563268661499, 0.001991450786590576, 0.0024598422460258007, 0.0009190159034915268, 0.0006463394383899868, 0.0003585986269172281, 0.003925377037376165]
[0.005745352245867252, 0.9954299926757812, 0.0027567269280552864, 0.002859503263607621, 0.0010903436923399568, 0.0007702421862632036, 0.0005439456435851753, 0.0037715218495577574]
[0.006547330413013697, 0.9947758913040161, 0.003224060870707035, 0.0037227023858577013, 0.0014076634543016553, 0.001026169047690928, 0.0009681821102276444, 0.0061196219176054]
[0.005109524354338646, 0.9957772493362427, 0.0030616233125329018, 0.003009673673659563, 0.0010187022853642702, 0.000734784291125834, 0.0006746709696017206, 0.0037921294569969177]
[0.005098446737974882, 0.9957905411720276, 0.0030535778496414423, 0.002998610958456993, 0.0010108144488185644, 0.0007292756345123053, 0.0006692640599794686, 0.0037708431482315063]
[0.005298764910548925, 0.9956706762313843, 0.002949034096673131, 0.0029204117599874735, 0.0011164561146870255, 0.0008088327595032752, 0.0006595394806936383, 0.0037727190647274256]
[0.005167228635400534, 0.9955548644065857, 0.0033630465622991323, 0.0032547973096370697, 0.0011438395595178008, 0.0008055914659053087, 0.0007328325300477445, 0.00357123208232224]
[0.004328847862780094, 0.996561586856842, 0.00187518575694412, 0.0021304229740053415, 0.0007596503128297627, 0.0005246303626336157, 0.0003574684960767627, 0.0026164487935602665]
[0.004296227358281612, 0.9965691566467285, 0.0019279903499409556, 0.0021721459925174713, 0.0007426900556311011, 0.0005297609022818506, 0.00035180768463760614, 0.0026492292527109385]
[0.004376109689474106, 0.9965247511863708, 0.0018555436981841922, 0.002124590100720525, 0.0007588157313875854, 0.0005283257341943681, 0.00033999182051047683, 0.002630676608532667]
[0.0042818458750844, 0.9966623783111572, 0.0018600160256028175, 0.0021322048269212246, 0.000697365845553577, 0.0004962329403497279, 0.00032341983751393855, 0.00264954031445086]
[0.00505046034231782, 0.9961405396461487, 0.0020050127059221268, 0.002360007492825389, 0.0008579635759815574, 0.0006217319751158357, 0.0004351316893007606, 0.004088385961949825]
[0.004932445008307695, 0.9962906837463379, 0.0018819879041984677, 0.0021754226181656122, 0.0008417792269028723, 0.0006128366803750396, 0.0004149821470491588, 0.0038822151254862547]
[0.007808573544025421, 0.9938507080078125, 0.003564927028492093, 0.00474106939509511, 0.0016673029167577624, 0.001186315668746829, 0.0010341100860387087, 0.0063111428171396255]
[0.008123628795146942, 0.9937359094619751, 0.0034713749773800373, 0.004640099126845598, 0.0017238649306818843, 0.0012431051582098007, 0.00101157755125314, 0.00631207600235939]
[0.006189410574734211, 0.9949750900268555, 0.003157303435727954, 0.003914196975529194, 0.0012126531219109893, 0.0008894619531929493, 0.0006830039201304317, 0.004557582084089518]
[0.006369634065777063, 0.9948567152023315, 0.0033277515321969986, 0.004026887938380241, 0.0012474765535444021, 0.0009099087328650057, 0.0006968838279135525, 0.004773316904902458]
[0.004111895337700844, 0.9968396425247192, 0.0017388237174600363, 0.00189314188901335, 0.0006502216565422714, 0.00046144111547619104, 0.0003068000660277903, 0.002992579946294427]
[0.004122699610888958, 0.9968323111534119, 0.0017420456279069185, 0.0018970753299072385, 0.0006530996761284769, 0.00046337745152413845, 0.000308094487991184, 0.003001502249389887]
[0.997407853603363, 0.002775017637759447, 0.9971956014633179, 0.9822527170181274, 0.011920806020498276, 0.009829971939325333, 0.0018727552378550172, 0.0051518650725483894]
[0.9974008798599243, 0.002840511268004775, 0.9956684112548828, 0.9745032787322998, 0.015039090067148209, 0.011724664829671383, 0.0028912066482007504, 0.0043654548935592175]
[0.9972845315933228, 0.002941468497738242, 0.9966593980789185, 0.9814002513885498, 0.011577089317142963, 0.009346062317490578, 0.00199694256298244, 0.005016109440475702]
[0.9973031282424927, 0.0029380677733570337, 0.9953011274337769, 0.9675758481025696, 0.014939414337277412, 0.011199813336133957, 0.0024895393289625645, 0.0039174724370241165]
[0.9913705587387085, 0.00970758218318224, 0.9902929067611694, 0.9578173160552979, 0.014929334633052349, 0.01188542228192091, 0.0021889950148761272, 0.005331889260560274]
[0.9910708665847778, 0.0099038602784276, 0.9890269637107849, 0.9476742744445801, 0.01699703373014927, 0.013499121181666851, 0.0023625853937119246, 0.0053518363274633884]
[0.9947242140769958, 0.005755485501140356, 0.9961383938789368, 0.982218861579895, 0.011200331151485443, 0.009990792721509933, 0.0019163312390446663, 0.0061590541154146194]
[0.9914656281471252, 0.009457774460315704, 0.9896814227104187, 0.950663149356842, 0.0171184279024601, 0.013594619929790497, 0.0023795338347554207, 0.005333507899194956]
[0.9972848892211914, 0.0029663494788110256, 0.9964941143989563, 0.9793961048126221, 0.013536082580685616, 0.010427087545394897, 0.0028328043408691883, 0.003587069222703576]
[0.9970071911811829, 0.0031944792717695236, 0.9959932565689087, 0.9710565805435181, 0.016676397994160652, 0.012694725766777992, 0.003131926991045475, 0.0033266430255025625]
[0.9973822236061096, 0.002886092057451606, 0.9971662163734436, 0.9848831295967102, 0.011294258758425713, 0.009144032374024391, 0.002288704738020897, 0.0038786078803241253]
[0.9965421557426453, 0.0038162702694535255, 0.993433952331543, 0.9367609620094299, 0.021440638229250908, 0.015853706747293472, 0.0032770559191703796, 0.002742040902376175]
[0.9973185658454895, 0.0029609319753944874, 0.9969895482063293, 0.9796732664108276, 0.014831085689365864, 0.01109359785914421, 0.0029859119094908237, 0.0030175019055604935]
[0.9974440336227417, 0.002859057392925024, 0.9975155591964722, 0.9853810667991638, 0.011939292773604393, 0.00943023432046175, 0.002319809515029192, 0.0031630066223442554]
[0.9969205856323242, 0.0033939548302441835, 0.9952669143676758, 0.954998791217804, 0.0210580974817276, 0.015603608451783657, 0.0034215524792671204, 0.0025182997342199087]
[0.9978840947151184, 0.002319888910278678, 0.9982231259346008, 0.9884766340255737, 0.01108840387314558, 0.009339910000562668, 0.0020028739236295223, 0.0030805200804024935]
[0.9908374547958374, 0.009585443884134293, 0.9897502064704895, 0.9815691709518433, 0.007722870446741581, 0.008149982430040836, 0.002488160040229559, 0.011420772410929203]
[0.9919626116752625, 0.00857626087963581, 0.9898853302001953, 0.9835163950920105, 0.007358277682214975, 0.0075537338852882385, 0.0027299944777041674, 0.011079827323555946]
[0.9915825724601746, 0.008900503627955914, 0.9902966618537903, 0.9840092658996582, 0.0069290995597839355, 0.0072598764672875404, 0.0023524651769548655, 0.011773685924708843]
[0.9925038814544678, 0.007934566587209702, 0.9906696081161499, 0.9831703305244446, 0.008637450635433197, 0.008804690092802048, 0.0030831468757241964, 0.011342598125338554]
[0.9939740300178528, 0.006670536007732153, 0.9930054545402527, 0.9885092377662659, 0.005884780548512936, 0.0061632124707102776, 0.002115940907970071, 0.01084949728101492]
[0.9939783811569214, 0.006665981840342283, 0.9930144548416138, 0.9885208606719971, 0.0058873360976576805, 0.0061655170284211636, 0.0021162794437259436, 0.010847952216863632]
[0.9942745566368103, 0.006499409209936857, 0.9925618767738342, 0.9881851673126221, 0.006750908214598894, 0.006825034506618977, 0.002710558008402586, 0.009779331274330616]
[0.9951419830322266, 0.005346594378352165, 0.9952220320701599, 0.9898352026939392, 0.006562193855643272, 0.006840741261839867, 0.0021108766086399555, 0.009437867440283298]
[0.9940778017044067, 0.00637675728648901, 0.9932297468185425, 0.9891970753669739, 0.006571508012712002, 0.006990678142756224, 0.002481624949723482, 0.010500658303499222]
[0.993243396282196, 0.007257396355271339, 0.9920775294303894, 0.9874871969223022, 0.0072798533365130424, 0.007567794993519783, 0.0031046178191900253, 0.012332504615187645]
[0.9937925934791565, 0.006847807206213474, 0.9944656491279602, 0.9880315065383911, 0.0069385492242872715, 0.007073678076267242, 0.002199033973738551, 0.00859673973172903]
[0.9949185252189636, 0.005556263029575348, 0.9955267310142517, 0.9879222512245178, 0.007686436176300049, 0.00770553620532155, 0.0020129650365561247, 0.007520095445215702]
[0.02568710967898369, 0.9763622879981995, 0.01838824152946472, 0.02139921300113201, 0.011809781193733215, 0.008503226563334465, 0.007527336943894625, 0.029984377324581146]
[0.006155497394502163, 0.9950523972511292, 0.002691826783120632, 0.0036172058898955584, 0.001239033997990191, 0.0008730856352485716, 0.0005459558451548219, 0.0039771250449121]
[0.9997181296348572, 0.0002608299837447703, 0.9873924851417542, 0.01189979538321495, 0.9996510744094849, 0.9996905326843262, 0.9665528535842896, 0.0037826967891305685]
[0.9997488856315613, 0.00021970142552163452, 0.9887648820877075, 0.012460374273359776, 0.9995740056037903, 0.999632716178894, 0.9555002450942993, 0.0034951448906213045]
[0.99970942735672, 0.00026056551723740995, 0.9640690684318542, 0.008115426637232304, 0.9997199177742004, 0.9997480511665344, 0.9749842882156372, 0.005168118514120579]
[0.9997157454490662, 0.00024029322958085686, 0.9594724178314209, 0.0077948542311787605, 0.9997100234031677, 0.9997411370277405, 0.9732252359390259, 0.005303595215082169]
[0.005571478046476841, 0.995712399482727, 0.0017801470821723342, 0.00227553048171103, 0.0007439377950504422, 0.0005549631896428764, 0.0003318295639473945, 0.004994245246052742]
[0.008015705272555351, 0.9936337471008301, 0.002755754394456744, 0.003232410876080394, 0.0013595664640888572, 0.0009880084544420242, 0.0005501824780367315, 0.0063009546138346195]
[0.9811169505119324, 0.017401613295078278, 0.015915522351861, 0.00035136088263243437, 0.9806181788444519, 0.9827153086662292, 0.01606716401875019, 0.003939134534448385]
[0.9810785055160522, 0.017458338290452957, 0.015897832810878754, 0.00035157951060682535, 0.9805277585983276, 0.9826416969299316, 0.016062159091234207, 0.003954347688704729]
[0.9799581170082092, 0.018674595281481743, 0.015628978610038757, 0.00040267501026391983, 0.9819321632385254, 0.9852043390274048, 0.03731231763958931, 0.00463546346873045]
[0.9799542427062988, 0.01869795471429825, 0.015703672543168068, 0.0004047543916385621, 0.98180091381073, 0.9851067066192627, 0.03719495236873627, 0.004654007498174906]
[0.005090717226266861, 0.9959390163421631, 0.001974137732759118, 0.002040453488007188, 0.0010061570210382342, 0.0007128782453946769, 0.00040606435504741967, 0.0028488649986684322]
[0.004699866287410259, 0.9962748289108276, 0.0019378499127924442, 0.0019435661379247904, 0.0007899028714746237, 0.0005728538963012397, 0.00038001168286427855, 0.002819943241775036]
[0.9900799989700317, 0.011203130707144737, 0.9943082928657532, 0.985729455947876, 0.0065897745080292225, 0.006420368794351816, 0.0017400234937667847, 0.00940694473683834]
[0.9879004955291748, 0.013424819335341454, 0.9929552674293518, 0.9842880964279175, 0.006191649008542299, 0.0061383624561131, 0.0018887572223320603, 0.011780152097344398]
[0.9895499348640442, 0.011768278665840626, 0.9891156554222107, 0.9821110367774963, 0.006138857454061508, 0.006188149563968182, 0.0021685431711375713, 0.01305154524743557]
[0.991922914981842, 0.00933553371578455, 0.9902713894844055, 0.9847561717033386, 0.006498340517282486, 0.006478271912783384, 0.002406500978395343, 0.010390044189989567]
[0.02122623659670353, 0.9827190637588501, 0.005647545214742422, 0.008239326998591423, 0.002919810591265559, 0.0022573391906917095, 0.0016080260975286365, 0.02623722143471241]
[0.014118344523012638, 0.9887459874153137, 0.0024320208467543125, 0.002319206018000841, 0.003907886333763599, 0.0031143201049417257, 0.0005455485661514103, 0.010378587990999222]
[0.006371674127876759, 0.995070219039917, 0.002117556519806385, 0.00252982578240335, 0.0008853914332576096, 0.000665022584144026, 0.0003386186435818672, 0.005426676012575626]
[0.006002599839121103, 0.9953364729881287, 0.001978132640942931, 0.002407449996098876, 0.0007397759472951293, 0.0005460773245431483, 0.0003251303860452026, 0.004834500607103109]
[0.9847169518470764, 0.014898845925927162, 0.013033481314778328, 0.000436811096733436, 0.9861138463020325, 0.9875582456588745, 0.052689071744680405, 0.0068426369689404964]
[0.9835720658302307, 0.014359189197421074, 0.016040943562984467, 0.0003147282695863396, 0.9895583391189575, 0.9910187721252441, 0.06770757585763931, 0.004126293584704399]
[0.005671365186572075, 0.9955249428749084, 0.0025440813042223454, 0.0030218542087823153, 0.001070931670255959, 0.0007636510417796671, 0.0005500147235579789, 0.003978385124355555]
[0.008793008513748646, 0.992825984954834, 0.00433253264054656, 0.005135899409651756, 0.0022441521286964417, 0.0016506684478372335, 0.0013447175733745098, 0.008920763619244099]
[0.00766600901260972, 0.9934914708137512, 0.0037985551171004772, 0.004134617745876312, 0.0019366716733202338, 0.0013749870704486966, 0.0009096070425584912, 0.005226761102676392]
[0.007648786995559931, 0.993503987789154, 0.0037964624352753162, 0.004140634089708328, 0.0019568465650081635, 0.0013880128972232342, 0.000939372752327472, 0.005318508017808199]
[0.005724590737372637, 0.9955198764801025, 0.0025276741944253445, 0.002884083893150091, 0.0010237200185656548, 0.0007566916756331921, 0.0004999406519345939, 0.003720792941749096]
[0.00571583304554224, 0.9954739212989807, 0.002536900108680129, 0.002887335605919361, 0.0010189081076532602, 0.0007427700911648571, 0.0004929330898448825, 0.003662608563899994]
[0.005722577217966318, 0.9956243634223938, 0.0024585919454693794, 0.0022894516587257385, 0.001031207386404276, 0.0007267180480994284, 0.0005773981683887541, 0.0036911622155457735]
[0.0051264711655676365, 0.9957333207130432, 0.003118740627542138, 0.0030779805965721607, 0.0010049485135823488, 0.0006877515115775168, 0.0006530756945721805, 0.0033387579023838043]
[0.0070940665900707245, 0.9945037364959717, 0.0028293582145124674, 0.003822611179202795, 0.0012872332008555532, 0.0009317735093645751, 0.0007676492678001523, 0.005120016168802977]
[0.007151509169489145, 0.9944584369659424, 0.00284948549233377, 0.003860966069623828, 0.0013011210830882192, 0.0009428086341358721, 0.0007765504415147007, 0.0051527866162359715]
[0.006363013293594122, 0.994617760181427, 0.0024682858493179083, 0.0024737524800002575, 0.002009065356105566, 0.0013833552366122603, 0.0009860246209427714, 0.004563489928841591]
[0.0059099397622048855, 0.9950659275054932, 0.002611339557915926, 0.002765899756923318, 0.0015666717663407326, 0.0010892786085605621, 0.0006683996762149036, 0.004431782756000757]
[0.006224795710295439, 0.9950725436210632, 0.0033374859485775232, 0.005393585190176964, 0.0012394015211611986, 0.0008761186036281288, 0.0005694618448615074, 0.006620076019316912]
[0.005952485371381044, 0.9954009652137756, 0.00299845146946609, 0.004989787936210632, 0.0011240082094445825, 0.0007963493117131293, 0.00046314208884723485, 0.006009636912494898]
[0.006475043948739767, 0.9947121143341064, 0.0036236115265637636, 0.00599993159994483, 0.0015076373238116503, 0.0010517797200009227, 0.0007618955569341779, 0.00739020761102438]
[0.006388190668076277, 0.9949411153793335, 0.0035495106130838394, 0.00572960777208209, 0.001280765631236136, 0.0009072890388779342, 0.0005875917267985642, 0.006807683035731316]
[0.006946314126253128, 0.994762122631073, 0.0030609641689807177, 0.004193107131868601, 0.001187363057397306, 0.0008812781888991594, 0.000480898714158684, 0.005423279479146004]
[0.007116864901036024, 0.9945845007896423, 0.0030364952981472015, 0.0042341421358287334, 0.0013335623079910874, 0.0009869236964732409, 0.0005630044615827501, 0.005727074574679136]
[0.0067558372393250465, 0.9948074221611023, 0.0030811745673418045, 0.004142071586102247, 0.0012241225922480226, 0.0009037860436365008, 0.000508658355101943, 0.005433953367173672]
[0.006782244425266981, 0.9949129819869995, 0.0028942215722054243, 0.0039872778579592705, 0.0011646825587376952, 0.0008648689836263657, 0.00046842408482916653, 0.005262936465442181]
[0.006428023334592581, 0.9947463870048523, 0.0032364295329898596, 0.0037462925538420677, 0.0014096508966758847, 0.0010002042399719357, 0.0007765586487948895, 0.004881188739091158]
[0.006428023334592581, 0.9947463870048523, 0.0032364295329898596, 0.0037462925538420677, 0.0014096508966758847, 0.0010002042399719357, 0.0007765586487948895, 0.004881188739091158]
[0.005542955361306667, 0.9954332113265991, 0.00277559831738472, 0.0032864657696336508, 0.0011390922591090202, 0.0008105275337584317, 0.0005412911414168775, 0.003767525078728795]
[0.005706754047423601, 0.9953422546386719, 0.0027217541355639696, 0.0032400554046034813, 0.0011794419260695577, 0.0008452498586848378, 0.0005466851289384067, 0.0038166942540556192]
[0.006977043580263853, 0.9941933751106262, 0.0038741598837077618, 0.002713156631216407, 0.0011881821556016803, 0.0008629850926809013, 0.00040942869964055717, 0.003815258853137493]
[0.005385517608374357, 0.9959222078323364, 0.001855236478149891, 0.0017664075130596757, 0.0009278926881961524, 0.0006659859791398048, 0.0003523662162479013, 0.0032102130353450775]
[0.014111649245023727, 0.9883971810340881, 0.004862673580646515, 0.006611094810068607, 0.0020145445596426725, 0.0015323602128773928, 0.0012917472049593925, 0.015227248892188072]
[0.015677999705076218, 0.9874151349067688, 0.004736652132123709, 0.006767500191926956, 0.0021145327482372522, 0.0016445746878162026, 0.0013628528686240315, 0.017600415274500847]
[0.997752845287323, 0.001639527385123074, 0.018725113943219185, 0.0012717448407784104, 0.9995725750923157, 0.9994563460350037, 0.9984076619148254, 0.011495749466121197]
[0.9981712102890015, 0.0013080749195069075, 0.020755743607878685, 0.0014391456497833133, 0.99941086769104, 0.9992753863334656, 0.9963580965995789, 0.010678363032639027]
[0.9980260133743286, 0.0013792667305096984, 0.013645907863974571, 0.0009117980371229351, 0.9996494054794312, 0.9995467066764832, 0.9984439015388489, 0.00707598589360714]
[0.9975764155387878, 0.001764981308951974, 0.01707925647497177, 0.0013985869009047747, 0.9991769194602966, 0.9990366697311401, 0.9929096102714539, 0.010409905575215816]
[0.006994542200118303, 0.9941231608390808, 0.002387506887316704, 0.002461375668644905, 0.0014497358351945877, 0.0009951569372788072, 0.00043576303869485855, 0.0044672260992228985]
[0.006580905988812447, 0.9945525527000427, 0.002301710657775402, 0.0023836735635995865, 0.0013309624046087265, 0.0009451056248508394, 0.0004069028946105391, 0.004216444678604603]
[0.007000207435339689, 0.9942643046379089, 0.0023196914698928595, 0.0024030348286032677, 0.00150154042057693, 0.0010431230766698718, 0.00046405510511249304, 0.004650931805372238]
[0.007400291971862316, 0.9938054084777832, 0.00238883588463068, 0.002308680908754468, 0.0015220562927424908, 0.0010862780036404729, 0.0004504285170696676, 0.004267304204404354]
[0.0061321319080889225, 0.9953159093856812, 0.002267539966851473, 0.0024912627413868904, 0.0009386403835378587, 0.0006840813439339399, 0.00047456694301217794, 0.00461571104824543]
[0.00630411971360445, 0.9950277209281921, 0.002483068034052849, 0.002807978540658951, 0.001044070115312934, 0.0007574618794023991, 0.0005339049967005849, 0.004903879016637802]
[0.006066914647817612, 0.995323121547699, 0.002273357706144452, 0.0025362486485391855, 0.0009595535229891539, 0.000697480165399611, 0.00048488538595847785, 0.0045222388580441475]
[0.0061498903669416904, 0.9952282905578613, 0.002413235604763031, 0.0026605369057506323, 0.0010287316981703043, 0.0007495607133023441, 0.0005039221723563969, 0.004592509940266609]
[0.9979478716850281, 0.001495645265094936, 0.0225299671292305, 0.0015331876929849386, 0.9990197420120239, 0.9988887906074524, 0.9870578646659851, 0.00823188479989767]
[0.9982095956802368, 0.0012618148466572165, 0.022341221570968628, 0.0016155242919921875, 0.9995580315589905, 0.999434769153595, 0.9983043670654297, 0.010663260705769062]
[0.9887185096740723, 0.009377765469253063, 0.007689616177231073, 0.00048645611968822777, 0.998444139957428, 0.9982062578201294, 0.9718285202980042, 0.006482167635113001]
[0.9913017153739929, 0.0069909170269966125, 0.007273756433278322, 0.00047737808199599385, 0.9989213943481445, 0.9986692667007446, 0.983744740486145, 0.0051069362089037895]
[0.005912383086979389, 0.9952220320701599, 0.00303213601000607, 0.0036744307726621628, 0.001129566109739244, 0.000813481688965112, 0.0006768052116967738, 0.004315224941819906]
[0.004347949754446745, 0.9967412352561951, 0.0015575011493638158, 0.0017081471160054207, 0.0006457452545873821, 0.00046061380999162793, 0.00028717232635244727, 0.0030874076765030622]
